Connor McClaran, Questions from Homework 6 that don't require code

4.1.2) Adjacency Matrix 0= not adjacent 1 = adjacent
0 0 1 0 0 1 1 0 0 0 0 0
0 0 0 0 1 0 0 0 1 0 0 1
1 0 0 1 0 1 1 0 0 0 0 0
0 0 1 0 0 0 1 0 0 0 1 0
0 1 0 0 0 0 0 0 1 0 0 0
1 0 1 0 0 0 0 0 0 0 1 0
1 0 1 1 0 0 0 0 0 0 0 0
0 0 0 0 0 0 0 0 1 0 0 1
0 1 0 0 1 0 0 1 0 0 0 1
0 0 0 0 0 0 0 0 0 0 0 0
0 0 0 1 0 1 0 0 0 0 0 0
0 1 0 0 0 0 0 1 1 0 0 0


4.2.2) Adjacency Matrix
0 0 0 0 0 1 1 0 0 0 0 0
0 0 0 0 0 0 0 0 0 0 0 0
1 0 0 1 0 0 0 0 0 0 0 0
0 0 0 0 0 0 1 0 0 0 1 0
0 1 0 0 0 0 0 0 0 0 0 0
0 0 1 0 0 0 0 0 0 0 1 0
0 0 1 0 0 0 0 0 0 0 0 0
0 0 0 0 0 0 0 0 1 0 0 1
0 1 0 0 1 0 0 0 0 0 0 0
0 0 0 0 0 0 0 0 0 0 0 0
0 0 0 1 0 0 0 0 0 0 0 0
0 0 0 0 0 0 0 0 1 0 0 0